[
    10792,
    10793,
    10794,
    10795,
    10796,
    10797,
    10798,
    10799,
    10800,
    10801,
    10802,
    10803,
    10804,
    10805,
    10806,
    10807,
    10808,
    10809,
    10810,
    10811,
    10812,
    10813,
    10814,
    10815,
    10816,
    10817,
    10818,
    10819,
    10820,
    10821,
    10822,
    10823,
    10824,
    10825,
    10830,
    10831,
    10836,
    10837,
    10838,
    10839,
    10840,
    10841,
    10842,
    10843,
    10844,
    10845,
    10846,
    10847,
    10848,
    10849,
    10850,
    10851,
    10852,
    10853,
    10854,
    10855,
    10856,
    10857,
    10858,
    10859,
    10860,
    10861,
    10862,
    10863,
    10864,
    10865,
    10866,
    10867,
    10868,
    10869,
    10870,
    10871,
    10872,
    10873,
    10874,
    10875,
    10876,
    10877,
    10878,
    10879,
    10880,
    10881,
    10882,
    10883,
    10890,
    10891,
    10892,
    10893,
    10894,
    10895,
    10896,
    10897,
    10898,
    10899,
    10900,
    10901,
    10902,
    10903,
    10904,
    10905,
    10920,
    10921,
    10922,
    10923,
    10924,
    10925,
    10979,
    10980,
    10981,
    10982,
    10983,
    10984,
    10985,
    10986,
    10987,
    10988,
    10989,
    10990,
    10991,
    10992,
    11043,
    11044,
    11045,
    11046,
    11047,
    11048,
    11049,
    11050,
    11051,
    11052,
    11059,
    11060,
    11061,
    11062,
    11063,
    11064,
    11081,
    11082,
    11083,
    11084,
    11085,
    11086,
    11087,
    11088,
    11089,
    11090,
    11091,
    11092,
    11093,
    11094,
    11095,
    11096,
    11097,
    11178,
    11179,
    11180,
    11181,
    11182,
    11183,
    11184,
    11185,
    11186,
    11187,
    11188,
    11189,
    11190,
    11191,
    11192,
    11193,
    11194,
    11195,
    11196,
    11197,
    11198,
    11199,
    11200,
    11201,
    11202,
    11203,
    11204,
    11205,
    11206,
    11207,
    11208,
    11209,
    11210,
    11211,
    11212,
    11213,
    11214,
    11215,
    11216,
    11217,
    11218,
    11219,
    11220,
    11221,
    11222,
    11223,
    11224,
    11225,
    11226,
    11227,
    11228,
    11229,
    11230,
    11231,
    11232,
    11233,
    11234,
    11235,
    11236,
    11237,
    11238,
    11239,
    11240,
    11241,
    11242,
    11243,
    11244,
    11245,
    11246,
    11247,
    11248,
    11253,
    11254,
    11255,
    11256,
    11257,
    11258,
    11259,
    11260,
    11261,
    11262,
    11263,
    11264,
    11265,
    11266,
    11267,
    11268,
    11269,
    11270,
    11271,
    11272,
    11273,
    11274,
    11275,
    11276,
    11277,
    11278,
    11279,
    11280,
    11281,
    11282,
    11283,
    11284,
    11285,
    11286,
    11287,
    11288,
    11289,
    11290,
    11291,
    11292,
    11293,
    11294,
    11295,
    11296,
    11297,
    11298,
    11299,
    11300,
    11301,
    11302,
    11303,
    11304,
    11305,
    11306,
    11307,
    11308,
    11309,
    11310,
    11311,
    11312,
    11313,
    11314,
    11315,
    11316,
    11317,
    11318,
    11319,
    11320,
    11321,
    11322,
    11323,
    11324,
    11325,
    11326,
    11327,
    11328,
    11329,
    11330,
    11331,
    11332,
    11333,
    11334,
    11335,
    11336,
    11337,
    11338,
    11339,
    11340,
    11341,
    11342,
    11343,
    11344,
    11345,
    11346,
    11347,
    11348,
    11349,
    11350,
    11351,
    11352,
    11353,
    11354,
    11355,
    11356,
    11357,
    11358,
    11359,
    11360,
    11361,
    11362,
    11363,
    11364,
    11365,
    11366,
    11367,
    11368,
    11369,
    11370,
    11371,
    11372,
    11373,
    11374,
    11375,
    11376,
    11377,
    11378,
    11379,
    11380,
    11381,
    11382,
    11383,
    11384,
    11385,
    11386,
    11387,
    11388,
    11389,
    11390,
    11391,
    11392,
    11393,
    11394,
    11395,
    11396,
    11397,
    11398,
    11399,
    11400,
    11401,
    11402,
    11403,
    11404,
    11405,
    11406,
    11407,
    11408,
    11409,
    11410,
    11411,
    11412,
    11413,
    11414,
    11415,
    11416,
    11417,
    11418,
    11419,
    11420,
    11421,
    11422,
    11423,
    11424,
    11425,
    11426,
    11427,
    11428,
    11429,
    11430,
    11431,
    11432,
    11433,
    11434,
    11435,
    11436,
    11437,
    11438,
    11439,
    11440,
    11441,
    11442,
    11443,
    11444,
    11445,
    11446,
    11447,
    11448,
    11449,
    11450,
    11451,
    11452,
    11453,
    11454,
    11455,
    11456,
    11457,
    11458,
    11459,
    11460,
    11461,
    11462,
    11463,
    11464,
    11465,
    11466,
    11467,
    11468,
    11469,
    11470,
    11471,
    11472,
    11473,
    11474,
    11475,
    11476,
    11477,
    11478,
    11479,
    11480,
    11481,
    11482,
    11483,
    11484,
    11485,
    11486,
    11487,
    11488,
    11489,
    11490,
    11491,
    11544,
    11545,
    11546,
    11547,
    11548,
    11549,
    11550,
    11551,
    11552,
    11553,
    11554,
    11555,
    11556,
    11557,
    11558,
    11559,
    11560,
    11561,
    11562,
    11563,
    11564,
    11565,
    11566,
    11567,
    11568,
    11569,
    11570,
    11571,
    11572,
    11573,
    11574,
    11575,
    11576,
    11577,
    11578,
    11579,
    11580,
    11581,
    11582,
    11583,
    11584,
    11585,
    11586,
    11587,
    11588,
    11589,
    11590,
    11591,
    11592,
    11593,
    11594,
    11595,
    11596,
    11597,
    11598,
    11599,
    11600,
    11601,
    11602,
    11603,
    11604,
    11605,
    11606,
    11607,
    11608,
    11609,
    11610,
    11611,
    11612,
    11613,
    11614,
    11615,
    11616,
    11617,
    11618,
    11619,
    11620,
    11621,
    11622,
    11623,
    11624,
    11625,
    11626,
    11627,
    11628,
    11629,
    11630,
    11631,
    11632,
    11633,
    11634,
    11635,
    11636,
    11637,
    11638,
    11639,
    11640,
    11641,
    11642,
    11643,
    11644,
    11645,
    11646,
    11647,
    11648,
    11649,
    11650,
    11651,
    11652,
    11653,
    11654,
    11655,
    11656,
    11657,
    11658,
    11659,
    11660,
    11661,
    11662,
    11663,
    11664,
    11665,
    11666,
    11667,
    11668,
    11669,
    11670,
    11671,
    11672,
    11673,
    11674,
    11675,
    11676,
    11677,
    11678,
    11679,
    11680,
    11681,
    11682,
    11683,
    11684,
    11685,
    11686,
    11687,
    11688,
    11689,
    11690,
    11691,
    11692,
    11693,
    11694,
    11695,
    11696,
    11697,
    11698,
    11699,
    11700,
    11701,
    11702,
    11703,
    11704,
    11705,
    11706,
    11707,
    11708,
    11709,
    11710,
    11711,
    11712,
    11713,
    11714,
    11715,
    11716,
    11717,
    11718,
    11719,
    11720,
    11721,
    11722,
    11723,
    11724,
    11725,
    11726,
    11727,
    11728,
    11729,
    11730,
    11731,
    11732,
    11733,
    11734,
    11735,
    11736,
    11737,
    11738,
    11739,
    11740,
    11741,
    11742,
    11743,
    11744,
    11745,
    11746,
    11747,
    11748,
    11749,
    11750,
    11751,
    11752,
    11753,
    11754,
    11755,
    11756,
    11757,
    11758,
    11759,
    11760,
    11761,
    11762,
    11763,
    11764,
    11765,
    11766,
    11767,
    11768,
    11769,
    11770,
    11771,
    11772,
    11773,
    11774,
    11775,
    11776,
    11777,
    11778,
    11779,
    11780,
    11781,
    11782,
    11783,
    11784,
    11785,
    11786,
    11787,
    11788,
    11789,
    11790,
    11791,
    11792,
    11793,
    11794,
    11795,
    11796,
    11797,
    11798,
    11799,
    11800,
    11801,
    11802,
    11803,
    11804,
    11805,
    11806,
    11807,
    11808,
    11809,
    11810,
    11811,
    11812,
    11813,
    11814,
    11815,
    11816,
    11817,
    11818,
    11819,
    11820,
    11821,
    11822,
    11823,
    11824,
    11825,
    11826,
    11827,
    11828,
    11829,
    11830,
    11831,
    11832,
    11833,
    11834,
    11835,
    11836,
    11837,
    11838,
    11839,
    11840,
    11841,
    11842,
    11843,
    11844,
    11845,
    11846,
    11875,
    11876,
    11877,
    11878,
    11879,
    11880,
    11881,
    11882,
    11883,
    11884,
    11885,
    11886,
    11887,
    11888,
    11889,
    11890,
    11891,
    11892,
    11893,
    11894,
    11895,
    11896,
    11897,
    11898,
    11899,
    11900,
    11901,
    11902,
    11903,
    11904,
    11905,
    11906,
    11907,
    11908,
    11909,
    11910,
    11911,
    11912,
    11913,
    11914,
    11915,
    11916,
    11917,
    11918,
    11919,
    11920,
    12065,
    12066,
    12067,
    12068,
    12069,
    12070,
    12071,
    12072,
    12073,
    12074,
    12075,
    12076,
    12077,
    12078,
    12079,
    12080,
    12081,
    12082,
    12083,
    12084,
    12085,
    12086,
    12087,
    12088,
    12089,
    12090,
    12091,
    12092,
    12093,
    12094,
    12095,
    12096,
    12097,
    12098,
    12099,
    12100,
    12101,
    12102,
    12103,
    12104,
    12105,
    12106,
    12107,
    12108,
    12109,
    12110,
    12111,
    12112,
    12113,
    12114,
    12115,
    12116,
    12117,
    12118,
    12119,
    12120,
    12121,
    12122,
    12123,
    12124,
    12125,
    12126,
    12127,
    12128,
    12129,
    12130,
    12131,
    12132,
    12133,
    12134,
    12135,
    12136,
    12137,
    12138,
    12139,
    12140,
    12141,
    12142,
    12143,
    12144,
    12145,
    12146,
    12147,
    12148,
    12149,
    12150,
    12151,
    12152,
    12153,
    12154,
    12155,
    12156,
    12157,
    12158,
    12159,
    12160,
    12161,
    12162,
    12163,
    12164,
    12165,
    12166,
    12167,
    12168,
    12169,
    12170,
    12291,
    12292,
    12293,
    12294,
    12295,
    12296,
    12353,
    12354,
    12355,
    12356,
    12357,
    12358,
    12359,
    12360,
    12361,
    12362,
    12363,
    12364,
    12488,
    12489,
    12490,
    12491,
    12492,
    12493,
    12494,
    12495,
    12496,
    12497,
    12498,
    12499,
    12500,
    12501,
    12502,
    12503,
    12504,
    12505,
    12506,
    12507,
    12508,
    12509,
    12510,
    12511,
    12512,
    12513,
    12514,
    12515,
    12516,
    12517,
    12518,
    12519,
    12520,
    12521,
    12522,
    12523,
    12524,
    12525,
    12526,
    12527,
    12528,
    12529,
    12558,
    12559,
    12560,
    12561,
    12562,
    12563,
    12564,
    12565,
    12566,
    12567,
    12568,
    12569,
    12570,
    12571,
    12572,
    12573,
    12574,
    12575,
    12576,
    12577,
    12578,
    12579,
    12580,
    12581,
    12582,
    12583,
    12584,
    12585,
    12586,
    12587,
    12588,
    12589,
    12590,
    12591,
    12592,
    12593,
    12594,
    12595,
    12596,
    12597,
    12598,
    12599,
    12600,
    12601,
    12602,
    12603,
    12604,
    12605,
    12606,
    12607,
    12608,
    12609,
    12610,
    12611,
    12612,
    12613,
    12614,
    12615,
    12616,
    12617,
    12618,
    12619,
    12620,
    12621,
    12622,
    12623,
    12624,
    12625,
    12626,
    12627,
    12628,
    12629,
    12630,
    12631,
    12632,
    12633,
    12634,
    12635,
    12636,
    12637,
    12638,
    12639,
    12640,
    12641,
    12642,
    12643,
    12644,
    12645,
    12646,
    12647,
    12648,
    12649,
    12650,
    12651,
    12652,
    12653,
    12654,
    12655,
    12656,
    12657,
    12658,
    12659,
    12660,
    12661,
    12662,
    12663,
    12664,
    12665,
    12666,
    12667,
    12668,
    12669,
    12670,
    12671,
    12672,
    12673,
    12674,
    12675,
    12676,
    12677,
    12678,
    12679,
    12680,
    12681,
    12682,
    12683,
    12684,
    12685,
    12686,
    12687,
    12688,
    12689,
    12690,
    12691,
    12692,
    12693,
    12694,
    12695,
    12696,
    12697,
    12698,
    12699,
    12700,
    12701,
    12702,
    12703,
    12704,
    12705,
    12706,
    12707,
    12708,
    12709,
    12710,
    12711,
    12712,
    12713,
    12714,
    12715,
    12716,
    12717,
    12718,
    12719,
    12720,
    12721,
    12722,
    12723,
    12724,
    12725,
    12726,
    12727,
    12728,
    12729,
    12730,
    12731,
    12732,
    12733,
    12734,
    12735,
    12736,
    12737,
    12738,
    12739,
    12740,
    12741,
    12742,
    12743,
    12744,
    12745,
    12746,
    12747,
    12748,
    12749,
    12750,
    12751,
    12752,
    12753,
    12754,
    12755,
    12756,
    12757,
    12758,
    12759,
    12760,
    12761,
    12762,
    12763,
    12764,
    12765,
    12766,
    12767,
    12768,
    12769,
    12770,
    12771,
    12772,
    12773,
    12774,
    12775,
    12776,
    12777,
    12778,
    12779,
    12780,
    12781,
    12782,
    12783,
    12784,
    12785,
    12786,
    12787,
    12788,
    12789,
    12790,
    12791,
    12792,
    12793,
    12794,
    12795,
    12796,
    12797,
    12798,
    12799,
    12800,
    12801,
    12802,
    12867,
    12868,
    12869,
    12870,
    12871,
    12872,
    12873,
    12874,
    12875,
    12876,
    12877,
    12878,
    12879,
    12880,
    12881,
    12882,
    12883,
    12884,
    12885,
    12886,
    12887,
    12888,
    12889,
    12890,
    12891,
    12892,
    12893,
    12894,
    12895,
    12896,
    12897,
    12898,
    12899,
    12900,
    12901,
    12902,
    12903,
    12904,
    12905,
    12906,
    12907,
    12908,
    12909,
    12910,
    12911,
    12912,
    12913,
    12914,
    12915,
    12916,
    12917,
    12918,
    12919,
    12920,
    12921,
    12922,
    12923,
    12924,
    12925,
    12926,
    12927,
    12928,
    12929,
    12930,
    12931,
    12932,
    12933,
    12934,
    12935,
    12936,
    12937,
    12938,
    12939,
    12940,
    12941,
    12942,
    12943,
    12944,
    12945,
    12946,
    12947,
    12948,
    12949,
    12950,
    12951,
    12952,
    12953,
    12954,
    12955,
    12956,
    12957,
    12958,
    12959,
    12960,
    12961,
    12962,
    12963,
    12964,
    12965,
    12966,
    12967,
    12968,
    12969,
    12970,
    12971,
    12972,
    12973,
    12974,
    12975,
    12976,
    12977,
    12978,
    12979,
    12980,
    12981,
    12982,
    12983,
    12984,
    12985,
    12986,
    12987,
    12988,
    12989,
    12990,
    12991,
    12992,
    12993,
    12994,
    12995,
    12996,
    12997,
    12998,
    12999,
    13000,
    13001,
    13002,
    13003,
    13004,
    13005,
    13006,
    13007,
    13008,
    13009,
    13010,
    13011,
    13012,
    13013,
    13014,
    13015,
    13016,
    13017,
    13018,
    13019,
    13020,
    13021,
    13022,
    13023,
    13024,
    13025,
    13026,
    13027,
    13028,
    13029,
    13030,
    13031,
    13032,
    13033,
    13034,
    13035,
    13036,
    13037,
    13038,
    13039,
    13040,
    13041,
    13042,
    13043,
    13044,
    13045,
    13046,
    13047,
    13048,
    13049,
    13050,
    13051,
    13052,
    13053,
    13054,
    13055,
    13056,
    13057,
    13058,
    13059,
    13060,
    13061,
    13062,
    13063,
    13064,
    13065,
    13066,
    13067,
    13068,
    13069,
    13070,
    13071,
    13072,
    13073,
    13074,
    13075,
    13076,
    13077,
    13078,
    13079,
    13080,
    13081,
    13082,
    13083,
    13084,
    13085,
    13086,
    13087,
    13088,
    13089,
    13090,
    13091,
    13092,
    13093,
    13094,
    13095,
    13096,
    13097,
    13098,
    13099,
    13100,
    13101,
    13102,
    13103,
    13104,
    13105,
    13106,
    13107,
    13108,
    13109,
    13110,
    13111,
    13112,
    13113,
    13114,
    13115,
    13116,
    13117,
    13118,
    13119,
    13120,
    13121,
    13122,
    13123,
    13124,
    13125,
    13126,
    13127,
    13128,
    13129,
    13130,
    13131,
    13132,
    13133,
    13134,
    13135,
    13136,
    13137,
    13138,
    13139,
    13140,
    13141,
    13142,
    13143,
    13144,
    13145,
    13146,
    13147,
    13148,
    13149,
    13150,
    13151,
    13152,
    13153,
    13154,
    13155,
    13156,
    13157,
    13158,
    13159,
    13160,
    13161,
    13162,
    13163,
    13164,
    13165,
    13166,
    13167,
    13168,
    13169,
    13170,
    13171,
    13172,
    13173,
    13174,
    13175,
    13176,
    13177,
    13178,
    13179,
    13180,
    13181,
    13182,
    13183,
    13184,
    13185,
    13186,
    13187,
    13188,
    13189,
    13190,
    13191,
    13192,
    13193,
    13194,
    13195,
    13196,
    13197,
    13198,
    13199,
    13200,
    13201,
    13202,
    13203,
    13204,
    13205,
    13206,
    13207,
    13208,
    13209,
    13210,
    13211,
    13212,
    13213,
    13214,
    13215,
    13216,
    13217,
    13218,
    13219,
    13220,
    13221,
    13222,
    13223,
    13224,
    13225,
    13226,
    13227,
    13228,
    13229,
    13230,
    13231,
    13232,
    13233,
    13234,
    13235,
    13236,
    13237,
    13238,
    13239,
    13240,
    13241,
    13242,
    13243,
    13244,
    13245,
    13246,
    13247,
    13248,
    13249,
    13250,
    13251,
    13252,
    13253,
    13254,
    13255,
    13256,
    13257,
    13258,
    13259,
    13260,
    13261,
    13262,
    13263,
    13264,
    13265,
    13266,
    13267,
    13268,
    13541,
    13742,
    13743,
    13744,
    13745,
    13746,
    13747,
    13748,
    13749,
    13750,
    13751,
    13752,
    13753,
    13754,
    13755,
    13756,
    13757,
    13758,
    13759,
    13760,
    13761,
    13762,
    13763,
    13764,
    13765,
    13766,
    13767,
    13768,
    13769,
    13770,
    13771,
    13772,
    13773,
    13774,
    13775,
    13780,
    13781,
    13786,
    13787,
    13788,
    13789,
    13790,
    13791,
    13792,
    13793,
    13794,
    13795,
    13796,
    13797,
    13798,
    13799,
    13800,
    13801,
    13802,
    13803,
    13804,
    13805,
    13806,
    13807,
    13808,
    13809,
    13810,
    13811,
    13812,
    13813,
    13814,
    13815,
    13816,
    13817,
    13818,
    13819,
    13820,
    13821,
    13822,
    13823,
    13824,
    13825,
    13826,
    13827,
    13828,
    13829,
    13830,
    13831,
    13832,
    13833,
    13840,
    13841,
    13842,
    13843,
    13844,
    13845,
    13846,
    13847,
    13848,
    13849,
    13850,
    13851,
    13852,
    13853,
    13854,
    13855,
    13870,
    13871,
    13872,
    13873,
    13874,
    13875,
    13876,
    13927,
    13928,
    13929,
    13930,
    13931,
    13932,
    13933,
    13934,
    13935,
    13936,
    13937,
    13938,
    13939,
    13940,
    13991,
    13992,
    13993,
    13994,
    13995,
    13996,
    13997,
    13998,
    13999,
    14000,
    14007,
    14008,
    14009,
    14010,
    14011,
    14012,
    14029,
    14030,
    14031,
    14032,
    14033,
    14034,
    14035,
    14036,
    14037,
    14038,
    14039,
    14040,
    14041,
    14042,
    14043,
    14044,
    14045,
    14046,
    14121,
    14122,
    14123,
    14124,
    14125,
    14126,
    14127,
    14128,
    14129,
    14130,
    14131,
    14132,
    14133,
    14134,
    14135,
    14136,
    14137,
    14138,
    14139,
    14140,
    14141,
    14142,
    14143,
    14144,
    14145,
    14146,
    14147,
    14148,
    14149,
    14150,
    14151,
    14152,
    14153,
    14154,
    14155,
    14156,
    14157,
    14158,
    14159,
    14160,
    14161,
    14162,
    14163,
    14164,
    14165,
    14166,
    14167,
    14168,
    14169,
    14170,
    14171,
    14172,
    14173,
    14174,
    14175,
    14176,
    14177,
    14178,
    14179,
    14180,
    14181,
    14182,
    14183,
    14184,
    14185,
    14186,
    14187,
    14188,
    14189,
    14190,
    14191,
    14192,
    14195,
    14196,
    14197,
    14198,
    14199,
    14200,
    14201,
    14202,
    14203,
    14204,
    14205,
    14206,
    14207,
    14208,
    14209,
    14210,
    14211,
    14212,
    14213,
    14214,
    14215,
    14216,
    14217,
    14218,
    14219,
    14220,
    14221,
    14222,
    14223,
    14224,
    14225,
    14226,
    14227,
    14228,
    14229,
    14230,
    14231,
    14232,
    14233,
    14234,
    14235,
    14236,
    14237,
    14238,
    14239,
    14240,
    14241,
    14242,
    14243,
    14244,
    14245,
    14246,
    14247,
    14248,
    14249,
    14250,
    14251,
    14252,
    14253,
    14254,
    14255,
    14256,
    14257,
    14258,
    14259,
    14260,
    14261,
    14262,
    14263,
    14264,
    14265,
    14266,
    14267,
    14268,
    14269,
    14270,
    14271,
    14272,
    14273,
    14274,
    14275,
    14276,
    14277,
    14278,
    14279,
    14280,
    14281,
    14282,
    14283,
    14284,
    14285,
    14286,
    14287,
    14288,
    14289,
    14290,
    14291,
    14292,
    14293,
    14294,
    14295,
    14296,
    14297,
    14298,
    14299,
    14300,
    14301,
    14302,
    14303,
    14304,
    14305,
    14306,
    14307,
    14308,
    14309,
    14310,
    14311,
    14312,
    14313,
    14314,
    14315,
    14316,
    14317,
    14318,
    14319,
    14320,
    14321,
    14322,
    14323,
    14324,
    14325,
    14326,
    14327,
    14328,
    14329,
    14330,
    14331,
    14332,
    14333,
    14334,
    14335,
    14336,
    14337,
    14338,
    14339,
    14340,
    14341,
    14342,
    14343,
    14344,
    14345,
    14346,
    14347,
    14348,
    14349,
    14350,
    14351,
    14352,
    14353,
    14354,
    14355,
    14356,
    14357,
    14358,
    14359,
    14360,
    14361,
    14362,
    14363,
    14364,
    14365,
    14366,
    14367,
    14368,
    14369,
    14370,
    14371,
    14372,
    14373,
    14374,
    14375,
    14376,
    14377,
    14378,
    14379,
    14380,
    14381,
    14382,
    14383,
    14384,
    14385,
    14386,
    14387,
    14388,
    14389,
    14390,
    14391,
    14392,
    14393,
    14394,
    14395,
    14396,
    14397,
    14398,
    14399,
    14400,
    14401,
    14402,
    14403,
    14404,
    14405,
    14406,
    14407,
    14408,
    14409,
    14410,
    14411,
    14412,
    14413,
    14414,
    14415,
    14416,
    14417,
    14418,
    14419,
    14420,
    14421,
    14422,
    14423,
    14424,
    14425,
    14426,
    14427,
    14428,
    14429,
    14430,
    14480,
    14481,
    14482,
    14483,
    14484,
    14485,
    14486,
    14487,
    14488,
    14489,
    14490,
    14491,
    14492,
    14493,
    14494,
    14495,
    14496,
    14497,
    14498,
    14499,
    14500,
    14501,
    14502,
    14503,
    14504,
    14505,
    14506,
    14507,
    14508,
    14509,
    14510,
    14511,
    14512,
    14513,
    14514,
    14515,
    14516,
    14517,
    14518,
    14519,
    14520,
    14521,
    14522,
    14523,
    14524,
    14525,
    14526,
    14527,
    14528,
    14529,
    14530,
    14531,
    14532,
    14533,
    14534,
    14535,
    14536,
    14537,
    14538,
    14539,
    14540,
    14541,
    14542,
    14543,
    14544,
    14545,
    14546,
    14547,
    14548,
    14549,
    14550,
    14551,
    14552,
    14553,
    14554,
    14555,
    14556,
    14557,
    14558,
    14559,
    14560,
    14561,
    14562,
    14563,
    14564,
    14565,
    14566,
    14567,
    14568,
    14569,
    14570,
    14571,
    14572,
    14573,
    14574,
    14575,
    14576,
    14577,
    14578,
    14579,
    14580,
    14581,
    14582,
    14583,
    14584,
    14585,
    14586,
    14587,
    14588,
    14589,
    14590,
    14591,
    14592,
    14593,
    14594,
    14595,
    14596,
    14597,
    14598,
    14599,
    14600,
    14601,
    14602,
    14603,
    14604,
    14605,
    14606,
    14607,
    14608,
    14609,
    14610,
    14611,
    14612,
    14613,
    14614,
    14615,
    14616,
    14617,
    14618,
    14619,
    14620,
    14621,
    14622,
    14623,
    14624,
    14625,
    14626,
    14627,
    14628,
    14629,
    14630,
    14631,
    14632,
    14633,
    14634,
    14635,
    14636,
    14637,
    14638,
    14639,
    14640,
    14641,
    14642,
    14643,
    14644,
    14645,
    14646,
    14647,
    14648,
    14649,
    14650,
    14651,
    14652,
    14653,
    14654,
    14655,
    14656,
    14657,
    14658,
    14659,
    14660,
    14661,
    14662,
    14663,
    14664,
    14665,
    14666,
    14667,
    14668,
    14669,
    14670,
    14671,
    14672,
    14673,
    14674,
    14675,
    14676,
    14677,
    14678,
    14679,
    14680,
    14681,
    14682,
    14683,
    14684,
    14685,
    14686,
    14687,
    14688,
    14689,
    14690,
    14691,
    14692,
    14693,
    14694,
    14695,
    14696,
    14697,
    14698,
    14699,
    14700,
    14701,
    14702,
    14703,
    14704,
    14705,
    14706,
    14707,
    14708,
    14709,
    14710,
    14711,
    14712,
    14713,
    14714,
    14715,
    14716,
    14717,
    14718,
    14719,
    14720,
    14721,
    14722,
    14723,
    14724,
    14725,
    14726,
    14727,
    14728,
    14729,
    14730,
    14731,
    14732,
    14733,
    14734,
    14735,
    14736,
    14737,
    14738,
    14739,
    14740,
    14741,
    14742,
    14743,
    14744,
    14745,
    14746,
    14747,
    14748,
    14749,
    14750,
    14751,
    14752,
    14753,
    14754,
    14755,
    14756,
    14757,
    14758,
    14759,
    14760,
    14761,
    14762,
    14763,
    14764,
    14765,
    14766,
    14767,
    14768,
    14769,
    14770,
    14771,
    14772,
    14773,
    14774,
    14775,
    14776,
    14777,
    14778,
    14807,
    14808,
    14809,
    14810,
    14811,
    14812,
    14813,
    14814,
    14815,
    14816,
    14817,
    14818,
    14819,
    14820,
    14821,
    14822,
    14823,
    14824,
    14825,
    14826,
    14827,
    14828,
    14829,
    14830,
    14831,
    14832,
    14833,
    14834,
    14835,
    14836,
    14837,
    14838,
    14839,
    14840,
    14841,
    14842,
    14843,
    14844,
    14845,
    14846,
    14847,
    14848,
    14993,
    14994,
    14995,
    14996,
    14997,
    14998,
    14999,
    15000,
    15001,
    15002,
    15003,
    15004,
    15005,
    15006,
    15007,
    15008,
    15009,
    15010,
    15011,
    15012,
    15013,
    15014,
    15015,
    15016,
    15017,
    15018,
    15019,
    15020,
    15021,
    15022,
    15023,
    15024,
    15025,
    15026,
    15027,
    15028,
    15029,
    15030,
    15031,
    15032,
    15033,
    15034,
    15035,
    15036,
    15037,
    15038,
    15039,
    15040,
    15041,
    15042,
    15043,
    15044,
    15045,
    15046,
    15047,
    15048,
    15049,
    15050,
    15051,
    15052,
    15053,
    15054,
    15055,
    15056,
    15057,
    15058,
    15059,
    15060,
    15061,
    15062,
    15063,
    15064,
    15065,
    15066,
    15067,
    15068,
    15069,
    15070,
    15071,
    15072,
    15073,
    15074,
    15075,
    15076,
    15077,
    15078,
    15079,
    15080,
    15081,
    15082,
    15083,
    15084,
    15085,
    15086,
    15087,
    15088,
    15089,
    15090,
    15091,
    15092,
    15093,
    15094,
    15217,
    15218,
    15219,
    15220,
    15221,
    15222,
    15282,
    15283,
    15284,
    15285,
    15286,
    15287,
    15288,
    15289,
    15290,
    15291,
    15292,
    15293,
    15425,
    15426,
    15427,
    15428,
    15429,
    15430,
    15431,
    15432,
    15433,
    15434,
    15435,
    15436,
    15437,
    15438,
    15439,
    15440,
    15441,
    15442,
    15443,
    15444,
    15445,
    15446,
    15447,
    15448,
    15449,
    15450,
    15451,
    15452,
    15453,
    15454,
    15455,
    15456,
    15457,
    15458,
    15459,
    15460,
    15461,
    15462,
    15463,
    15464,
    15465,
    15493,
    15494,
    15495,
    15496,
    15497,
    15498,
    15499,
    15500,
    15501,
    15502,
    15503,
    15504,
    15505,
    15506,
    15507,
    15508,
    15509,
    15510,
    15511,
    15512,
    15513,
    15514,
    15515,
    15516,
    15517,
    15518,
    15519,
    15520,
    15521,
    15522,
    15523,
    15524,
    15525,
    15526,
    15527,
    15528,
    15529,
    15530,
    15531,
    15532,
    15533,
    15534,
    15535,
    15536,
    15537,
    15538,
    15539,
    15540,
    15541,
    15542,
    15543,
    15544,
    15545,
    15546,
    15547,
    15548,
    15549,
    15550,
    15551,
    15552,
    15553,
    15554,
    15555,
    15556,
    15557,
    15558,
    15559,
    15560,
    15561,
    15562,
    15563,
    15564,
    15565,
    15566,
    15567,
    15568,
    15569,
    15570,
    15571,
    15572,
    15573,
    15574,
    15575,
    15576,
    15577,
    15578,
    15579,
    15580,
    15581,
    15582,
    15583,
    15584,
    15585,
    15586,
    15587,
    15588,
    15589,
    15590,
    15591,
    15592,
    15593,
    15594,
    15595,
    15596,
    15597,
    15598,
    15599,
    15600,
    15601,
    15602,
    15603,
    15604,
    15605,
    15606,
    15607,
    15608,
    15609,
    15610,
    15611,
    15612,
    15613,
    15614,
    15615,
    15616,
    15617,
    15618,
    15619,
    15620,
    15621,
    15622,
    15623,
    15624,
    15625,
    15626,
    15627,
    15628,
    15629,
    15630,
    15631,
    15632,
    15633,
    15634,
    15635,
    15636,
    15637,
    15638,
    15639,
    15640,
    15641,
    15642,
    15643,
    15644,
    15645,
    15646,
    15647,
    15648,
    15649,
    15650,
    15651,
    15652,
    15653,
    15654,
    15655,
    15656,
    15657,
    15658,
    15659,
    15660,
    15661,
    15662,
    15663,
    15664,
    15665,
    15666,
    15667,
    15668,
    15669,
    15670,
    15671,
    15672,
    15673,
    15674,
    15675,
    15676,
    15677,
    15678,
    15679,
    15680,
    15681,
    15682,
    15683,
    15684,
    15685,
    15686,
    15687,
    15688,
    15689,
    15690,
    15691,
    15692,
    15693,
    15694,
    15695,
    15696,
    15697,
    15698,
    15699,
    15700,
    15701,
    15702,
    15703,
    15704,
    15705,
    15706,
    15707,
    15708,
    15709,
    15710,
    15711,
    15712,
    15713,
    15714,
    15715,
    15716,
    15717,
    15718,
    15719,
    15720,
    15721,
    15722,
    15723,
    15724,
    15725,
    15726,
    15727,
    15728,
    15729,
    15730,
    15731,
    15732,
    15733,
    15734,
    15735,
    15736,
    15737,
    15738,
    15739,
    15740,
    15805,
    15806,
    15807,
    15808,
    15809,
    15810,
    15811,
    15812,
    15813,
    15814,
    15815,
    15816,
    15817,
    15818,
    15819,
    15820,
    15821,
    15822,
    15823,
    15824,
    15825,
    15826,
    15827,
    15828,
    15829,
    15830,
    15831,
    15832,
    15833,
    15834,
    15835,
    15836,
    15837,
    15838,
    15839,
    15840,
    15841,
    15842,
    15843,
    15844,
    15845,
    15846,
    15847,
    15848,
    15849,
    15850,
    15851,
    15852,
    15853,
    15854,
    15855,
    15856,
    15857,
    15858,
    15859,
    15860,
    15861,
    15862,
    15863,
    15864,
    15865,
    15866,
    15867,
    15868,
    15869,
    15870,
    15871,
    15872,
    15873,
    15874,
    15875,
    15876,
    15877,
    15878,
    15879,
    15880,
    15881,
    15882,
    15883,
    15884,
    15885,
    15886,
    15887,
    15888,
    15889,
    15890,
    15891,
    15892,
    15893,
    15894,
    15895,
    15896,
    15897,
    15898,
    15899,
    15900,
    15901,
    15902,
    15903,
    15904,
    15905,
    15906,
    15907,
    15908,
    15909,
    15910,
    15911,
    15912,
    15913,
    15914,
    15915,
    15916,
    15917,
    15918,
    15919,
    15920,
    15921,
    15922,
    15923,
    15924,
    15925,
    15926,
    15927,
    15928,
    15929,
    15930,
    15931,
    15932,
    15933,
    15934,
    15935,
    15936,
    15937,
    15938,
    15939,
    15940,
    15941,
    15942,
    15943,
    15944,
    15945,
    15946,
    15947,
    15948,
    15949,
    15950,
    15951,
    15952,
    15953,
    15954,
    15955,
    15956,
    15957,
    15958,
    15959,
    15960,
    15961,
    15962,
    15963,
    15964,
    15965,
    15966,
    15967,
    15968,
    15969,
    15970,
    15971,
    15972,
    15973,
    15974,
    15975,
    15976,
    15977,
    15978,
    15979,
    15980,
    15981,
    15982,
    15983,
    15984,
    15985,
    15986,
    15987,
    15988,
    15989,
    15990,
    15991,
    15992,
    15993,
    15994,
    15995,
    15996,
    15997,
    15998,
    15999,
    16000,
    16001,
    16002,
    16003,
    16004,
    16005,
    16006,
    16007,
    16008,
    16009,
    16010,
    16011,
    16012,
    16013,
    16014,
    16015,
    16016,
    16017,
    16018,
    16019,
    16020,
    16021,
    16022,
    16023,
    16024,
    16025,
    16026,
    16027,
    16028,
    16029,
    16030,
    16031,
    16032,
    16033,
    16034,
    16035,
    16036,
    16037,
    16038,
    16039,
    16040,
    16041,
    16042,
    16043,
    16044,
    16045,
    16046,
    16047,
    16048,
    16049,
    16050,
    16051,
    16052,
    16053,
    16054,
    16055,
    16056,
    16057,
    16058,
    16059,
    16060,
    16061,
    16062,
    16063,
    16064,
    16065,
    16066,
    16067,
    16068,
    16069,
    16070,
    16071,
    16072,
    16073,
    16074,
    16075,
    16076,
    16077,
    16078,
    16079,
    16080,
    16081,
    16082,
    16083,
    16084,
    16085,
    16086,
    16087,
    16088,
    16089,
    16090,
    16091,
    16092,
    16093,
    16094,
    16095,
    16096,
    16097,
    16098,
    16099,
    16100,
    16101,
    16102,
    16103,
    16104,
    16105,
    16106,
    16107,
    16108,
    16109,
    16110,
    16111,
    16112,
    16113,
    16114,
    16115,
    16116,
    16117,
    16118,
    16119,
    16120,
    16121,
    16122,
    16123,
    16124,
    16125,
    16126,
    16127,
    16128,
    16129,
    16130,
    16131,
    16132,
    16133,
    16134,
    16135,
    16136,
    16137,
    16138,
    16139,
    16140,
    16141,
    16142,
    16143,
    16144,
    16145,
    16146,
    16147,
    16148,
    16149,
    16150,
    16151,
    16152,
    16153,
    16154,
    16155,
    16156,
    16157,
    16158,
    16159,
    16160,
    16161,
    16162,
    16163,
    16164,
    16165,
    16166,
    16167,
    16168,
    16169,
    16170,
    16171,
    16172,
    16173,
    16174,
    16175,
    16176,
    16177,
    16178,
    16179,
    16180,
    16181,
    16182,
    16183,
    16184,
    16185,
    16186,
    16187,
    16188,
    16189,
    16190,
    16191,
    16192,
    16193,
    16194,
    16195,
    16196,
    16197,
    16198,
    16199,
    16200,
    16201,
    16202,
    16203,
    16204,
    16205,
    16206,
    16207,
    16208,
    16209,
    16210,
    16211,
    16212,
    16213,
    16214,
    16215,
    16490,
    16491
]
