[
    7098,
    7099,
    7100,
    7101,
    7268,
    7269,
    7270,
    7271,
    7272,
    7273,
    7274,
    7275,
    7286,
    7287,
    7294,
    7295,
    7296,
    7297,
    7298,
    7299,
    7300,
    7301,
    7302,
    7303,
    7318,
    7319,
    7320,
    7321,
    7322,
    7323,
    7324,
    7325,
    7334,
    7335,
    7336,
    7337,
    7338,
    7339,
    7342,
    7343,
    7344,
    7345,
    7346,
    7347,
    7356,
    7357,
    7358,
    7359,
    7360,
    7361,
    7362,
    7363,
    7364,
    7365,
    7368,
    7369,
    7370,
    7371,
    7372,
    7373,
    7374,
    7375,
    7376,
    7377,
    7388,
    7389,
    7390,
    7391,
    7392,
    7393,
    7394,
    7395,
    7396,
    7397,
    7398,
    7399,
    7408,
    7409,
    7413,
    7414,
    7415,
    7416,
    7417,
    7418,
    7419,
    7420,
    7421,
    7422,
    7423,
    7424,
    7425,
    7426,
    7427,
    7428,
    7429,
    7430,
    7431,
    7432,
    7433,
    7434,
    7435,
    7436,
    7437,
    7438,
    7439,
    7440,
    7441,
    7442,
    7443,
    7444,
    7445,
    7446,
    7447,
    7448,
    8079,
    8080,
    8081,
    8082,
    8083,
    8084,
    8085,
    8086,
    8087,
    8088,
    8089,
    8090,
    8091,
    8092,
    8093,
    8094,
    8095,
    8096,
    8097,
    8098,
    8099,
    8100,
    8101,
    8102,
    8103,
    8104,
    8105,
    8106,
    8107,
    8108,
    8109,
    8110,
    8111,
    8112,
    8113,
    8114,
    8115,
    8116,
    8117,
    8118,
    8119,
    8120,
    8121,
    8122,
    8123,
    8124,
    8125,
    8126,
    8127,
    8128,
    8129,
    8130,
    8131,
    8132,
    8133,
    8134,
    8135,
    8136,
    8137,
    8138,
    8139,
    8140,
    8141,
    8142,
    8143,
    8144,
    8145,
    8146,
    8147,
    8148,
    8149,
    8150,
    8151,
    8152,
    8153,
    8154,
    8155,
    8156,
    8157,
    8158,
    8159,
    8160,
    8161,
    8162,
    8171,
    8172,
    8173,
    8174,
    8175,
    8176,
    8177,
    8178,
    8179,
    8180,
    8251,
    8252,
    8253,
    8254,
    8423,
    8424,
    8425,
    8426,
    8427,
    8428,
    8429,
    8430,
    8441,
    8442,
    8449,
    8450,
    8451,
    8452,
    8453,
    8454,
    8455,
    8456,
    8457,
    8458,
    8473,
    8474,
    8475,
    8476,
    8477,
    8478,
    8479,
    8480,
    8489,
    8490,
    8491,
    8492,
    8493,
    8494,
    8497,
    8498,
    8499,
    8500,
    8501,
    8502,
    8511,
    8512,
    8513,
    8514,
    8515,
    8516,
    8517,
    8518,
    8519,
    8520,
    8523,
    8524,
    8525,
    8526,
    8527,
    8528,
    8529,
    8530,
    8531,
    8532,
    8543,
    8544,
    8545,
    8546,
    8547,
    8548,
    8549,
    8550,
    8551,
    8552,
    8553,
    8554,
    8563,
    8564,
    8567,
    8568,
    8569,
    8570,
    8571,
    8572,
    8573,
    8574,
    8575,
    8576,
    8577,
    8578,
    8579,
    8580,
    8581,
    8582,
    8583,
    8584,
    8585,
    8586,
    8587,
    8588,
    8589,
    8590,
    8591,
    8592,
    8593,
    8594,
    8595,
    8596,
    8597,
    8598,
    8599,
    8600,
    8601,
    8602,
    8603,
    8604,
    8605,
    8606,
    8607,
    9245,
    9246,
    9247,
    9248,
    9249,
    9250,
    9251,
    9252,
    9253,
    9254,
    9255,
    9256,
    9257,
    9258,
    9259,
    9260,
    9261,
    9262,
    9263,
    9264,
    9265,
    9266,
    9267,
    9268,
    9269,
    9270,
    9271,
    9272,
    9273,
    9274,
    9275,
    9276,
    9277,
    9278,
    9279,
    9280,
    9281,
    9282,
    9283,
    9284,
    9285,
    9286,
    9287,
    9288,
    9289,
    9290,
    9291,
    9292,
    9293,
    9294,
    9295,
    9296,
    9297,
    9298,
    9299,
    9300,
    9301,
    9302,
    9303,
    9304,
    9305,
    9306,
    9307,
    9308,
    9309,
    9310,
    9311,
    9312,
    9313,
    9314,
    9315,
    9316,
    9317,
    9318,
    9319,
    9320,
    9321,
    9322,
    9323,
    9324,
    9325,
    9326,
    9327,
    9328,
    9337,
    9338,
    9339,
    9340,
    9341,
    9342,
    9343,
    9344,
    9345,
    9346,
    9511,
    9512,
    9513,
    9514,
    9515,
    9516,
    9517,
    9518,
    9519,
    9520,
    9553,
    9554,
    9555,
    9556,
    9557,
    9558,
    9559,
    9560,
    9561,
    9562,
    9796,
    9797,
    9798,
    9799,
    9800,
    9801,
    9802,
    9803,
    9804,
    9805,
    9822,
    9823,
    9824,
    9825,
    9826,
    9827,
    9828,
    9829,
    9830,
    9831,
    9850,
    9851,
    9852,
    9853,
    9854,
    9855,
    9856,
    9857,
    9858,
    9859,
    9876,
    9877,
    9878,
    9879,
    9880,
    9881,
    9882,
    9883,
    9884,
    9885,
    9906,
    9907,
    9908,
    9909,
    9910,
    9911,
    9912,
    9913,
    9914,
    9915,
    9916,
    9917,
    9918,
    9919,
    9920,
    9921,
    9922,
    9923,
    9924,
    9925,
    9926,
    9927,
    9928,
    9929,
    9930,
    9931,
    9932,
    9933,
    9934,
    9935,
    9936,
    9937,
    9938,
    9939,
    9940,
    9941,
    9942,
    9943,
    9944,
    9945,
    9946,
    9947,
    9948,
    9949,
    9950,
    9951,
    9952,
    9953,
    9954,
    9955,
    9956,
    9957,
    9958,
    9959,
    9960,
    9961,
    9962,
    9963,
    9964,
    9965,
    9966,
    9967,
    9968,
    9969,
    9970,
    9971,
    9972,
    9973,
    9974,
    9975,
    9976,
    9977,
    9978,
    9979,
    9980,
    9981,
    9982,
    9983,
    9984,
    9985,
    9986,
    9987,
    9988,
    9989,
    9990,
    9991,
    9992,
    9993,
    9994,
    9995,
    9996,
    9997,
    9998,
    9999,
    10000,
    10001,
    10002,
    10003,
    10004,
    10005,
    10006,
    10007,
    10008,
    10009,
    10010,
    10011,
    10012,
    10013,
    10014,
    10015,
    10016,
    10017,
    10018,
    10019,
    10020,
    10021,
    10022,
    10023,
    10024,
    10025,
    10026,
    10027,
    10028,
    10029,
    10030,
    10031,
    10032,
    10033,
    10034,
    10035,
    10036,
    10037,
    10038,
    10039,
    10040,
    10041,
    10042,
    10043,
    10044,
    10045,
    10046,
    10047,
    10048,
    10049,
    10050,
    10051,
    10052,
    10053,
    10054,
    10055,
    10056,
    10057,
    10058,
    10059,
    10060,
    10061,
    10062,
    10063,
    10064,
    10065,
    10066,
    10067,
    10068,
    10069,
    10070,
    10071,
    10072,
    10073,
    10074,
    10075,
    10076,
    10077,
    10078,
    10079,
    10080,
    10081,
    10082,
    10083,
    10084,
    10085,
    10086,
    10087,
    10088,
    10089,
    10090,
    10091,
    10092,
    10093,
    10094,
    10095,
    10096,
    10097,
    10098,
    10099,
    10100,
    10101,
    10102,
    10103,
    10104,
    10105,
    10106,
    10107,
    10108,
    10109,
    10110,
    10111,
    10112,
    10113,
    10114,
    10115,
    10116,
    10117,
    10118,
    10119,
    10120,
    10121,
    10122,
    10123,
    10124,
    10125,
    10126,
    10127,
    10128,
    10129,
    10130,
    10131,
    10132,
    10133,
    10134,
    10135,
    10136,
    10137,
    10138,
    10139,
    10140,
    10141,
    10142,
    10143,
    10144,
    10145,
    10146,
    10147,
    10148,
    10149,
    10150,
    10151,
    10152,
    10153,
    10154,
    10155,
    10156,
    10157,
    10158,
    10159,
    10160,
    10161,
    10162,
    10163,
    10164,
    10165,
    10166,
    10167,
    10168,
    10169,
    10170,
    10171,
    10172,
    10173,
    10174,
    10175,
    10176,
    10177,
    10178,
    10179,
    10180,
    10181,
    10182,
    10183,
    10184,
    10185,
    10186,
    10187,
    10188,
    10189,
    10190,
    10191,
    10192,
    10193,
    10194,
    10195,
    10196,
    10197,
    10198,
    10199,
    10200,
    10201,
    10202,
    10203,
    10204,
    10205,
    10206,
    10207,
    10208,
    10209,
    10210,
    10211,
    10212,
    10213,
    10214,
    10215,
    10216,
    10217,
    10218,
    10219,
    10220,
    10221,
    10222,
    10223,
    10224,
    10225,
    10226,
    10227,
    10228,
    10229,
    10230,
    10231,
    10232,
    10233,
    10234,
    10235,
    10236,
    10237,
    10238,
    10239,
    10240,
    10241,
    10242,
    10243,
    10244,
    10245,
    10246,
    10247,
    10248,
    10249,
    10250,
    10251,
    10252,
    10253,
    10254,
    10255,
    10256,
    10257,
    10258,
    10259,
    10260,
    10261,
    10264,
    10265,
    10266,
    10267,
    10268,
    10269,
    10270,
    10271,
    10272,
    10273,
    10274,
    10275,
    10291,
    10292,
    10293,
    10592,
    10593,
    10594,
    10595,
    10596,
    10597,
    10598,
    10599,
    10600,
    10601,
    10602,
    10603,
    10604,
    10605,
    10606,
    10607,
    10608,
    10609,
    10610,
    10611,
    10612,
    10613,
    10614,
    10615,
    10616,
    10617,
    10618,
    10619,
    10620,
    10621,
    10622,
    10623,
    10624,
    10625,
    10626,
    10627,
    10628,
    10629,
    10630,
    10631,
    10632,
    10633,
    10634,
    10635,
    10636,
    10637,
    10638,
    10639,
    10640,
    10641,
    10642,
    10643,
    10644,
    10645,
    10646,
    10647,
    10648,
    10649,
    10650,
    10651,
    10652,
    10653,
    10654,
    10655,
    10656,
    10657,
    10658,
    10659,
    10660,
    10661,
    10662,
    10663,
    10664,
    10665,
    10666,
    10667,
    10668,
    10669,
    10670,
    10671,
    10672,
    10673,
    10674,
    10675,
    10676,
    10677,
    10678,
    10679,
    10680,
    10681,
    10682,
    10683,
    10684,
    10685,
    10686,
    10687,
    10688,
    10689,
    10690,
    10691,
    10692,
    10693,
    10694,
    10695,
    10696,
    10697,
    10698,
    10699,
    10700,
    10701,
    10702,
    10703,
    10704,
    10705,
    10706,
    10707,
    10708,
    10709,
    10710,
    10711,
    10712,
    10713,
    10714,
    10715,
    10716,
    10717,
    10718,
    10719,
    10720,
    10721,
    10722,
    10723,
    10724,
    10725,
    10726,
    10727,
    10728,
    10729,
    10730,
    10731,
    10732,
    10733,
    10734,
    10735,
    10736,
    10737,
    10738,
    10739,
    10740,
    10741,
    10742,
    10743,
    10744,
    10745,
    10746,
    10747,
    10748,
    10749,
    10750,
    10751,
    10752,
    10753,
    10754,
    10755,
    10756,
    10757,
    10758,
    10759,
    10760,
    10761,
    10762,
    10763,
    10764,
    10765,
    10766,
    10767,
    10768,
    10769,
    10770,
    10771,
    10772,
    10773,
    10774,
    10775,
    10776,
    10777,
    10778,
    10779,
    10780,
    10781,
    10782,
    10783,
    10784,
    10785,
    10786,
    10787,
    10788,
    10789,
    10790,
    10791,
    10826,
    10827,
    10828,
    10829,
    10832,
    10833,
    10834,
    10835,
    10884,
    10885,
    10886,
    10887,
    10888,
    10889,
    10906,
    10907,
    10908,
    10909,
    10910,
    10911,
    10912,
    10913,
    10914,
    10915,
    10916,
    10917,
    10918,
    10919,
    10926,
    10927,
    10928,
    10929,
    10930,
    10931,
    10932,
    10933,
    10934,
    10935,
    10936,
    10937,
    10938,
    10939,
    10940,
    10941,
    10942,
    10943,
    10944,
    10945,
    10946,
    10947,
    10948,
    10949,
    10950,
    10951,
    10952,
    10953,
    10954,
    10955,
    10956,
    10957,
    10958,
    10959,
    10960,
    10961,
    10962,
    10963,
    10964,
    10965,
    10966,
    10967,
    10968,
    10969,
    10970,
    10971,
    10972,
    10973,
    10974,
    10975,
    10976,
    10977,
    10978,
    10993,
    10994,
    10995,
    10996,
    10997,
    10998,
    10999,
    11000,
    11001,
    11002,
    11003,
    11004,
    11005,
    11006,
    11007,
    11008,
    11009,
    11010,
    11011,
    11012,
    11013,
    11014,
    11015,
    11016,
    11017,
    11018,
    11019,
    11020,
    11021,
    11022,
    11023,
    11024,
    11025,
    11026,
    11027,
    11028,
    11029,
    11030,
    11031,
    11032,
    11033,
    11034,
    11035,
    11036,
    11037,
    11038,
    11039,
    11040,
    11041,
    11042,
    11053,
    11054,
    11055,
    11056,
    11057,
    11058,
    11065,
    11066,
    11067,
    11068,
    11069,
    11070,
    11071,
    11072,
    11073,
    11074,
    11075,
    11076,
    11077,
    11078,
    11079,
    11080,
    11098,
    11099,
    11100,
    11101,
    11102,
    11103,
    11104,
    11105,
    11106,
    11107,
    11108,
    11109,
    11110,
    11111,
    11112,
    11113,
    11114,
    11115,
    11116,
    11117,
    11118,
    11119,
    11120,
    11121,
    11122,
    11123,
    11124,
    11125,
    11126,
    11127,
    11128,
    11129,
    11130,
    11131,
    11132,
    11133,
    11134,
    11135,
    11136,
    11137,
    11138,
    11139,
    11140,
    11141,
    11142,
    11143,
    11144,
    11145,
    11146,
    11147,
    11148,
    11149,
    11150,
    11151,
    11152,
    11153,
    11154,
    11155,
    11156,
    11157,
    11158,
    11159,
    11160,
    11161,
    11162,
    11163,
    11164,
    11165,
    11166,
    11167,
    11168,
    11169,
    11170,
    11171,
    11172,
    11173,
    11174,
    11175,
    11176,
    11177,
    11249,
    11250,
    11251,
    11252,
    11492,
    11493,
    11494,
    11495,
    11496,
    11497,
    11498,
    11499,
    11500,
    11501,
    11502,
    11503,
    11504,
    11505,
    11506,
    11507,
    11508,
    11509,
    11510,
    11511,
    11512,
    11513,
    11514,
    11515,
    11516,
    11517,
    11518,
    11519,
    11520,
    11521,
    11522,
    11523,
    11524,
    11525,
    11526,
    11527,
    11528,
    11529,
    11530,
    11531,
    11532,
    11533,
    11534,
    11535,
    11536,
    11537,
    11538,
    11539,
    11540,
    11541,
    11542,
    11543,
    11847,
    11848,
    11849,
    11850,
    11851,
    11852,
    11853,
    11854,
    11855,
    11856,
    11857,
    11858,
    11859,
    11860,
    11861,
    11862,
    11863,
    11864,
    11865,
    11866,
    11867,
    11868,
    11869,
    11870,
    11871,
    11872,
    11873,
    11874,
    11921,
    11922,
    11923,
    11924,
    11925,
    11926,
    11927,
    11928,
    11929,
    11930,
    11931,
    11932,
    11933,
    11934,
    11935,
    11936,
    11937,
    11938,
    11939,
    11940,
    11941,
    11942,
    11943,
    11944,
    11945,
    11946,
    11947,
    11948,
    11949,
    11950,
    11951,
    11952,
    11953,
    11954,
    11955,
    11956,
    11957,
    11958,
    11959,
    11960,
    11961,
    11962,
    11963,
    11964,
    11965,
    11966,
    11967,
    11968,
    11969,
    11970,
    11971,
    11972,
    11973,
    11974,
    11975,
    11976,
    11977,
    11978,
    11979,
    11980,
    11981,
    11982,
    11983,
    11984,
    11985,
    11986,
    11987,
    11988,
    11989,
    11990,
    11991,
    11992,
    11993,
    11994,
    11995,
    11996,
    11997,
    11998,
    11999,
    12000,
    12001,
    12002,
    12003,
    12004,
    12005,
    12006,
    12007,
    12008,
    12009,
    12010,
    12011,
    12012,
    12013,
    12014,
    12015,
    12016,
    12017,
    12018,
    12019,
    12020,
    12021,
    12022,
    12023,
    12024,
    12025,
    12026,
    12027,
    12028,
    12029,
    12030,
    12031,
    12032,
    12033,
    12034,
    12035,
    12036,
    12037,
    12038,
    12039,
    12040,
    12041,
    12042,
    12043,
    12044,
    12045,
    12046,
    12047,
    12048,
    12049,
    12050,
    12051,
    12052,
    12053,
    12054,
    12055,
    12056,
    12057,
    12058,
    12059,
    12060,
    12061,
    12062,
    12063,
    12064,
    12171,
    12172,
    12173,
    12174,
    12175,
    12176,
    12177,
    12178,
    12179,
    12180,
    12181,
    12182,
    12183,
    12184,
    12185,
    12186,
    12187,
    12188,
    12189,
    12190,
    12191,
    12192,
    12193,
    12194,
    12195,
    12196,
    12197,
    12198,
    12199,
    12200,
    12201,
    12202,
    12203,
    12204,
    12205,
    12206,
    12207,
    12208,
    12209,
    12210,
    12211,
    12212,
    12213,
    12214,
    12215,
    12216,
    12217,
    12218,
    12219,
    12220,
    12221,
    12222,
    12223,
    12224,
    12225,
    12226,
    12227,
    12228,
    12229,
    12230,
    12231,
    12232,
    12233,
    12234,
    12235,
    12236,
    12237,
    12238,
    12239,
    12240,
    12241,
    12242,
    12243,
    12244,
    12245,
    12246,
    12247,
    12248,
    12249,
    12250,
    12251,
    12252,
    12253,
    12254,
    12255,
    12256,
    12257,
    12258,
    12259,
    12260,
    12261,
    12262,
    12263,
    12264,
    12265,
    12266,
    12267,
    12268,
    12269,
    12270,
    12271,
    12272,
    12273,
    12274,
    12275,
    12276,
    12277,
    12278,
    12279,
    12280,
    12281,
    12282,
    12283,
    12284,
    12285,
    12286,
    12287,
    12288,
    12289,
    12290,
    12297,
    12298,
    12299,
    12300,
    12301,
    12302,
    12303,
    12304,
    12305,
    12306,
    12307,
    12308,
    12309,
    12310,
    12311,
    12312,
    12313,
    12314,
    12315,
    12316,
    12317,
    12318,
    12319,
    12320,
    12321,
    12322,
    12323,
    12324,
    12325,
    12326,
    12327,
    12328,
    12329,
    12330,
    12331,
    12332,
    12333,
    12334,
    12335,
    12336,
    12337,
    12338,
    12339,
    12340,
    12341,
    12342,
    12343,
    12344,
    12345,
    12346,
    12347,
    12348,
    12349,
    12350,
    12351,
    12352,
    12365,
    12366,
    12367,
    12368,
    12369,
    12370,
    12371,
    12372,
    12373,
    12374,
    12375,
    12376,
    12377,
    12378,
    12379,
    12380,
    12381,
    12382,
    12383,
    12384,
    12385,
    12386,
    12387,
    12388,
    12389,
    12390,
    12391,
    12392,
    12393,
    12394,
    12395,
    12396,
    12397,
    12398,
    12399,
    12400,
    12401,
    12402,
    12403,
    12404,
    12405,
    12406,
    12407,
    12408,
    12409,
    12410,
    12411,
    12412,
    12413,
    12414,
    12415,
    12416,
    12417,
    12418,
    12419,
    12420,
    12421,
    12422,
    12423,
    12424,
    12425,
    12426,
    12427,
    12428,
    12429,
    12430,
    12431,
    12432,
    12433,
    12434,
    12435,
    12436,
    12437,
    12438,
    12439,
    12440,
    12441,
    12442,
    12443,
    12444,
    12445,
    12446,
    12447,
    12448,
    12449,
    12450,
    12451,
    12452,
    12453,
    12454,
    12455,
    12456,
    12457,
    12458,
    12459,
    12460,
    12461,
    12462,
    12463,
    12464,
    12465,
    12466,
    12467,
    12468,
    12469,
    12470,
    12471,
    12472,
    12473,
    12474,
    12475,
    12476,
    12477,
    12478,
    12479,
    12480,
    12481,
    12482,
    12483,
    12484,
    12485,
    12486,
    12487,
    12530,
    12531,
    12532,
    12533,
    12534,
    12535,
    12536,
    12537,
    12538,
    12539,
    12540,
    12541,
    12542,
    12543,
    12544,
    12545,
    12546,
    12547,
    12548,
    12549,
    12550,
    12551,
    12552,
    12553,
    12554,
    12555,
    12556,
    12557,
    12803,
    12804,
    12805,
    12806,
    12807,
    12808,
    12809,
    12810,
    12811,
    12812,
    12813,
    12814,
    12815,
    12816,
    12817,
    12818,
    12819,
    12820,
    12821,
    12822,
    12823,
    12824,
    12825,
    12826,
    12827,
    12828,
    12829,
    12830,
    12831,
    12832,
    12833,
    12834,
    12835,
    12836,
    12837,
    12838,
    12839,
    12840,
    12841,
    12842,
    12843,
    12844,
    12845,
    12846,
    12847,
    12848,
    12849,
    12850,
    12851,
    12852,
    12853,
    12854,
    12855,
    12856,
    12857,
    12858,
    12859,
    12860,
    12861,
    12862,
    12863,
    12864,
    12865,
    12866,
    13269,
    13270,
    13271,
    13272,
    13273,
    13274,
    13275,
    13276,
    13277,
    13278,
    13279,
    13280,
    13281,
    13282,
    13283,
    13284,
    13285,
    13286,
    13287,
    13288,
    13289,
    13290,
    13291,
    13292,
    13293,
    13294,
    13295,
    13296,
    13297,
    13298,
    13299,
    13300,
    13301,
    13302,
    13303,
    13304,
    13305,
    13306,
    13307,
    13308,
    13309,
    13310,
    13311,
    13312,
    13313,
    13314,
    13315,
    13316,
    13317,
    13318,
    13319,
    13320,
    13321,
    13322,
    13323,
    13324,
    13325,
    13326,
    13327,
    13328,
    13329,
    13330,
    13331,
    13332,
    13333,
    13334,
    13335,
    13336,
    13337,
    13338,
    13339,
    13340,
    13341,
    13342,
    13343,
    13344,
    13345,
    13346,
    13347,
    13348,
    13349,
    13350,
    13351,
    13352,
    13353,
    13354,
    13355,
    13356,
    13357,
    13358,
    13359,
    13360,
    13361,
    13362,
    13363,
    13364,
    13365,
    13366,
    13367,
    13368,
    13369,
    13370,
    13371,
    13372,
    13373,
    13374,
    13375,
    13376,
    13377,
    13378,
    13379,
    13380,
    13381,
    13382,
    13383,
    13384,
    13385,
    13386,
    13387,
    13388,
    13389,
    13390,
    13391,
    13392,
    13393,
    13394,
    13395,
    13396,
    13397,
    13398,
    13399,
    13400,
    13401,
    13402,
    13403,
    13404,
    13405,
    13406,
    13407,
    13408,
    13409,
    13410,
    13411,
    13412,
    13413,
    13414,
    13415,
    13416,
    13417,
    13418,
    13419,
    13420,
    13421,
    13422,
    13423,
    13424,
    13425,
    13426,
    13427,
    13428,
    13429,
    13430,
    13431,
    13432,
    13433,
    13434,
    13435,
    13436,
    13437,
    13438,
    13439,
    13440,
    13441,
    13442,
    13443,
    13444,
    13445,
    13446,
    13447,
    13448,
    13449,
    13450,
    13451,
    13452,
    13453,
    13454,
    13455,
    13456,
    13457,
    13458,
    13459,
    13460,
    13461,
    13462,
    13463,
    13464,
    13465,
    13466,
    13467,
    13468,
    13469,
    13470,
    13471,
    13472,
    13473,
    13474,
    13475,
    13476,
    13477,
    13478,
    13479,
    13480,
    13481,
    13482,
    13483,
    13484,
    13485,
    13486,
    13487,
    13488,
    13489,
    13490,
    13491,
    13492,
    13493,
    13494,
    13495,
    13496,
    13497,
    13498,
    13499,
    13500,
    13501,
    13502,
    13503,
    13504,
    13505,
    13506,
    13507,
    13508,
    13509,
    13510,
    13511,
    13512,
    13513,
    13514,
    13515,
    13516,
    13517,
    13518,
    13519,
    13520,
    13521,
    13522,
    13523,
    13524,
    13525,
    13526,
    13527,
    13528,
    13529,
    13530,
    13531,
    13532,
    13533,
    13534,
    13535,
    13536,
    13537,
    13538,
    13539,
    13540,
    13542,
    13543,
    13544,
    13545,
    13546,
    13547,
    13548,
    13549,
    13550,
    13551,
    13552,
    13553,
    13554,
    13555,
    13556,
    13557,
    13558,
    13559,
    13560,
    13561,
    13562,
    13563,
    13564,
    13565,
    13566,
    13567,
    13568,
    13569,
    13570,
    13571,
    13572,
    13573,
    13574,
    13575,
    13576,
    13577,
    13578,
    13579,
    13580,
    13581,
    13582,
    13583,
    13584,
    13585,
    13586,
    13587,
    13588,
    13589,
    13590,
    13591,
    13592,
    13593,
    13594,
    13595,
    13596,
    13597,
    13598,
    13599,
    13600,
    13601,
    13602,
    13603,
    13604,
    13605,
    13606,
    13607,
    13608,
    13609,
    13610,
    13611,
    13612,
    13613,
    13614,
    13615,
    13616,
    13617,
    13618,
    13619,
    13620,
    13621,
    13622,
    13623,
    13624,
    13625,
    13626,
    13627,
    13628,
    13629,
    13630,
    13631,
    13632,
    13633,
    13634,
    13635,
    13636,
    13637,
    13638,
    13639,
    13640,
    13641,
    13642,
    13643,
    13644,
    13645,
    13646,
    13647,
    13648,
    13649,
    13650,
    13651,
    13652,
    13653,
    13654,
    13655,
    13656,
    13657,
    13658,
    13659,
    13660,
    13661,
    13662,
    13663,
    13664,
    13665,
    13666,
    13667,
    13668,
    13669,
    13670,
    13671,
    13672,
    13673,
    13674,
    13675,
    13676,
    13677,
    13678,
    13679,
    13680,
    13681,
    13682,
    13683,
    13684,
    13685,
    13686,
    13687,
    13688,
    13689,
    13690,
    13691,
    13692,
    13693,
    13694,
    13695,
    13696,
    13697,
    13698,
    13699,
    13700,
    13701,
    13702,
    13703,
    13704,
    13705,
    13706,
    13707,
    13708,
    13709,
    13710,
    13711,
    13712,
    13713,
    13714,
    13715,
    13716,
    13717,
    13718,
    13719,
    13720,
    13721,
    13722,
    13723,
    13724,
    13725,
    13726,
    13727,
    13728,
    13729,
    13730,
    13731,
    13732,
    13733,
    13734,
    13735,
    13736,
    13737,
    13738,
    13739,
    13740,
    13741,
    13776,
    13777,
    13778,
    13779,
    13782,
    13783,
    13784,
    13785,
    13834,
    13835,
    13836,
    13837,
    13838,
    13839,
    13856,
    13857,
    13858,
    13859,
    13860,
    13861,
    13862,
    13863,
    13864,
    13865,
    13866,
    13867,
    13868,
    13869,
    13877,
    13878,
    13879,
    13880,
    13881,
    13882,
    13883,
    13884,
    13885,
    13886,
    13887,
    13888,
    13889,
    13890,
    13891,
    13892,
    13893,
    13894,
    13895,
    13896,
    13897,
    13898,
    13899,
    13900,
    13901,
    13902,
    13903,
    13904,
    13905,
    13906,
    13907,
    13908,
    13909,
    13910,
    13911,
    13912,
    13913,
    13914,
    13915,
    13916,
    13917,
    13918,
    13919,
    13920,
    13921,
    13922,
    13923,
    13924,
    13925,
    13926,
    13941,
    13942,
    13943,
    13944,
    13945,
    13946,
    13947,
    13948,
    13949,
    13950,
    13951,
    13952,
    13953,
    13954,
    13955,
    13956,
    13957,
    13958,
    13959,
    13960,
    13961,
    13962,
    13963,
    13964,
    13965,
    13966,
    13967,
    13968,
    13969,
    13970,
    13971,
    13972,
    13973,
    13974,
    13975,
    13976,
    13977,
    13978,
    13979,
    13980,
    13981,
    13982,
    13983,
    13984,
    13985,
    13986,
    13987,
    13988,
    13989,
    13990,
    14001,
    14002,
    14003,
    14004,
    14005,
    14006,
    14013,
    14014,
    14015,
    14016,
    14017,
    14018,
    14019,
    14020,
    14021,
    14022,
    14023,
    14024,
    14025,
    14026,
    14027,
    14028,
    14047,
    14048,
    14049,
    14050,
    14051,
    14052,
    14053,
    14054,
    14055,
    14056,
    14057,
    14058,
    14059,
    14060,
    14061,
    14062,
    14063,
    14064,
    14065,
    14066,
    14067,
    14068,
    14069,
    14070,
    14071,
    14072,
    14073,
    14074,
    14075,
    14076,
    14077,
    14078,
    14079,
    14080,
    14081,
    14082,
    14083,
    14084,
    14085,
    14086,
    14087,
    14088,
    14089,
    14090,
    14091,
    14092,
    14093,
    14094,
    14095,
    14096,
    14097,
    14098,
    14099,
    14100,
    14101,
    14102,
    14103,
    14104,
    14105,
    14106,
    14107,
    14108,
    14109,
    14110,
    14111,
    14112,
    14113,
    14114,
    14115,
    14116,
    14117,
    14118,
    14119,
    14120,
    14193,
    14194,
    14431,
    14432,
    14433,
    14434,
    14435,
    14436,
    14437,
    14438,
    14439,
    14440,
    14441,
    14442,
    14443,
    14444,
    14445,
    14446,
    14447,
    14448,
    14449,
    14450,
    14451,
    14452,
    14453,
    14454,
    14455,
    14456,
    14457,
    14458,
    14459,
    14460,
    14461,
    14462,
    14463,
    14464,
    14465,
    14466,
    14467,
    14468,
    14469,
    14470,
    14471,
    14472,
    14473,
    14474,
    14475,
    14476,
    14477,
    14478,
    14479,
    14779,
    14780,
    14781,
    14782,
    14783,
    14784,
    14785,
    14786,
    14787,
    14788,
    14789,
    14790,
    14791,
    14792,
    14793,
    14794,
    14795,
    14796,
    14797,
    14798,
    14799,
    14800,
    14801,
    14802,
    14803,
    14804,
    14805,
    14806,
    14849,
    14850,
    14851,
    14852,
    14853,
    14854,
    14855,
    14856,
    14857,
    14858,
    14859,
    14860,
    14861,
    14862,
    14863,
    14864,
    14865,
    14866,
    14867,
    14868,
    14869,
    14870,
    14871,
    14872,
    14873,
    14874,
    14875,
    14876,
    14877,
    14878,
    14879,
    14880,
    14881,
    14882,
    14883,
    14884,
    14885,
    14886,
    14887,
    14888,
    14889,
    14890,
    14891,
    14892,
    14893,
    14894,
    14895,
    14896,
    14897,
    14898,
    14899,
    14900,
    14901,
    14902,
    14903,
    14904,
    14905,
    14906,
    14907,
    14908,
    14909,
    14910,
    14911,
    14912,
    14913,
    14914,
    14915,
    14916,
    14917,
    14918,
    14919,
    14920,
    14921,
    14922,
    14923,
    14924,
    14925,
    14926,
    14927,
    14928,
    14929,
    14930,
    14931,
    14932,
    14933,
    14934,
    14935,
    14936,
    14937,
    14938,
    14939,
    14940,
    14941,
    14942,
    14943,
    14944,
    14945,
    14946,
    14947,
    14948,
    14949,
    14950,
    14951,
    14952,
    14953,
    14954,
    14955,
    14956,
    14957,
    14958,
    14959,
    14960,
    14961,
    14962,
    14963,
    14964,
    14965,
    14966,
    14967,
    14968,
    14969,
    14970,
    14971,
    14972,
    14973,
    14974,
    14975,
    14976,
    14977,
    14978,
    14979,
    14980,
    14981,
    14982,
    14983,
    14984,
    14985,
    14986,
    14987,
    14988,
    14989,
    14990,
    14991,
    14992,
    15095,
    15096,
    15097,
    15098,
    15099,
    15100,
    15101,
    15102,
    15103,
    15104,
    15105,
    15106,
    15107,
    15108,
    15109,
    15110,
    15111,
    15112,
    15113,
    15114,
    15115,
    15116,
    15117,
    15118,
    15119,
    15120,
    15121,
    15122,
    15123,
    15124,
    15125,
    15126,
    15127,
    15128,
    15129,
    15130,
    15131,
    15132,
    15133,
    15134,
    15135,
    15136,
    15137,
    15138,
    15139,
    15140,
    15141,
    15142,
    15143,
    15144,
    15145,
    15146,
    15147,
    15148,
    15149,
    15150,
    15151,
    15152,
    15153,
    15154,
    15155,
    15156,
    15157,
    15158,
    15159,
    15160,
    15161,
    15162,
    15163,
    15164,
    15165,
    15166,
    15167,
    15168,
    15169,
    15170,
    15171,
    15172,
    15173,
    15174,
    15175,
    15176,
    15177,
    15178,
    15179,
    15180,
    15181,
    15182,
    15183,
    15184,
    15185,
    15186,
    15187,
    15188,
    15189,
    15190,
    15191,
    15192,
    15193,
    15194,
    15195,
    15196,
    15197,
    15198,
    15199,
    15200,
    15201,
    15202,
    15203,
    15204,
    15205,
    15206,
    15207,
    15208,
    15209,
    15210,
    15211,
    15212,
    15213,
    15214,
    15215,
    15216,
    15223,
    15224,
    15225,
    15226,
    15227,
    15228,
    15229,
    15230,
    15231,
    15232,
    15233,
    15234,
    15235,
    15236,
    15237,
    15238,
    15239,
    15240,
    15241,
    15242,
    15243,
    15244,
    15245,
    15246,
    15247,
    15248,
    15249,
    15250,
    15251,
    15252,
    15253,
    15254,
    15255,
    15256,
    15257,
    15258,
    15259,
    15260,
    15261,
    15262,
    15263,
    15264,
    15265,
    15266,
    15267,
    15268,
    15269,
    15270,
    15271,
    15272,
    15273,
    15274,
    15275,
    15276,
    15277,
    15278,
    15279,
    15280,
    15281,
    15294,
    15295,
    15296,
    15297,
    15298,
    15299,
    15300,
    15301,
    15302,
    15303,
    15304,
    15305,
    15306,
    15307,
    15308,
    15309,
    15310,
    15311,
    15312,
    15313,
    15314,
    15315,
    15316,
    15317,
    15318,
    15319,
    15320,
    15321,
    15322,
    15323,
    15324,
    15325,
    15326,
    15327,
    15328,
    15329,
    15330,
    15331,
    15332,
    15333,
    15334,
    15335,
    15336,
    15337,
    15338,
    15339,
    15340,
    15341,
    15342,
    15343,
    15344,
    15345,
    15346,
    15347,
    15348,
    15349,
    15350,
    15351,
    15352,
    15353,
    15354,
    15355,
    15356,
    15357,
    15358,
    15359,
    15360,
    15361,
    15362,
    15363,
    15364,
    15365,
    15366,
    15367,
    15368,
    15369,
    15370,
    15371,
    15372,
    15373,
    15374,
    15375,
    15376,
    15377,
    15378,
    15379,
    15380,
    15381,
    15382,
    15383,
    15384,
    15385,
    15386,
    15387,
    15388,
    15389,
    15390,
    15391,
    15392,
    15393,
    15394,
    15395,
    15396,
    15397,
    15398,
    15399,
    15400,
    15401,
    15402,
    15403,
    15404,
    15405,
    15406,
    15407,
    15408,
    15409,
    15410,
    15411,
    15412,
    15413,
    15414,
    15415,
    15416,
    15417,
    15418,
    15419,
    15420,
    15421,
    15422,
    15423,
    15424,
    15466,
    15467,
    15468,
    15469,
    15470,
    15471,
    15472,
    15473,
    15474,
    15475,
    15476,
    15477,
    15478,
    15479,
    15480,
    15481,
    15482,
    15483,
    15484,
    15485,
    15486,
    15487,
    15488,
    15489,
    15490,
    15491,
    15492,
    15741,
    15742,
    15743,
    15744,
    15745,
    15746,
    15747,
    15748,
    15749,
    15750,
    15751,
    15752,
    15753,
    15754,
    15755,
    15756,
    15757,
    15758,
    15759,
    15760,
    15761,
    15762,
    15763,
    15764,
    15765,
    15766,
    15767,
    15768,
    15769,
    15770,
    15771,
    15772,
    15773,
    15774,
    15775,
    15776,
    15777,
    15778,
    15779,
    15780,
    15781,
    15782,
    15783,
    15784,
    15785,
    15786,
    15787,
    15788,
    15789,
    15790,
    15791,
    15792,
    15793,
    15794,
    15795,
    15796,
    15797,
    15798,
    15799,
    15800,
    15801,
    15802,
    15803,
    15804,
    16216,
    16217,
    16218,
    16219,
    16220,
    16221,
    16222,
    16223,
    16224,
    16225,
    16226,
    16227,
    16228,
    16229,
    16230,
    16231,
    16232,
    16233,
    16234,
    16235,
    16236,
    16237,
    16238,
    16239,
    16240,
    16241,
    16242,
    16243,
    16244,
    16245,
    16246,
    16247,
    16248,
    16249,
    16250,
    16251,
    16252,
    16253,
    16254,
    16255,
    16256,
    16257,
    16258,
    16259,
    16260,
    16261,
    16262,
    16263,
    16264,
    16265,
    16266,
    16267,
    16268,
    16269,
    16270,
    16271,
    16272,
    16273,
    16274,
    16275,
    16276,
    16277,
    16278,
    16279,
    16280,
    16281,
    16282,
    16283,
    16284,
    16285,
    16286,
    16287,
    16288,
    16289,
    16290,
    16291,
    16292,
    16293,
    16294,
    16295,
    16296,
    16297,
    16298,
    16299,
    16300,
    16301,
    16302,
    16303,
    16304,
    16305,
    16306,
    16307,
    16308,
    16309,
    16310,
    16311,
    16312,
    16313,
    16314,
    16315,
    16316,
    16317,
    16318,
    16319,
    16320,
    16321,
    16322,
    16323,
    16324,
    16325,
    16326,
    16327,
    16328,
    16329,
    16330,
    16331,
    16332,
    16333,
    16334,
    16335,
    16336,
    16337,
    16338,
    16339,
    16340,
    16341,
    16342,
    16343,
    16344,
    16345,
    16346,
    16347,
    16348,
    16349,
    16350,
    16351,
    16352,
    16353,
    16354,
    16355,
    16356,
    16357,
    16358,
    16359,
    16360,
    16361,
    16362,
    16363,
    16364,
    16365,
    16366,
    16367,
    16368,
    16369,
    16370,
    16371,
    16372,
    16373,
    16374,
    16375,
    16376,
    16377,
    16378,
    16379,
    16380,
    16381,
    16382,
    16383,
    16384,
    16385,
    16386,
    16387,
    16388,
    16389,
    16390,
    16391,
    16392,
    16393,
    16394,
    16395,
    16396,
    16397,
    16398,
    16399,
    16400,
    16401,
    16402,
    16403,
    16404,
    16405,
    16406,
    16407,
    16408,
    16409,
    16410,
    16411,
    16412,
    16413,
    16414,
    16415,
    16416,
    16417,
    16418,
    16419,
    16420,
    16421,
    16422,
    16423,
    16424,
    16425,
    16426,
    16427,
    16428,
    16429,
    16430,
    16431,
    16432,
    16433,
    16434,
    16435,
    16436,
    16437,
    16438,
    16439,
    16440,
    16441,
    16442,
    16443,
    16444,
    16445,
    16446,
    16447,
    16448,
    16449,
    16450,
    16451,
    16452,
    16453,
    16454,
    16455,
    16456,
    16457,
    16458,
    16459,
    16460,
    16461,
    16462,
    16463,
    16464,
    16465,
    16466,
    16467,
    16468,
    16469,
    16470,
    16471,
    16472,
    16473,
    16474,
    16475,
    16476,
    16477,
    16478,
    16479,
    16480,
    16481,
    16482,
    16483,
    16484,
    16485,
    16486,
    16487,
    16488,
    16489
]
